{
  "n_documents": 942,
  "n_topics": 3,
  "Full_Text_LDA_topics": {
    "Topic 0": [
      "burned",
      "climate",
      "2035",
      "important",
      "change",
      "step",
      "climate change",
      "must",
      "need",
      "possible"
    ],
    "Topic 1": [
      "target",
      "2030",
      "pfuel",
      "2035",
      "biofuels",
      "date",
      "hybrid",
      "end",
      "solution",
      "technical"
    ],
    "Topic 2": [
      "car",
      "vehicle",
      "co2",
      "mission",
      "european",
      "electric",
      "engine",
      "industry",
      "would",
      "transport"
    ]
  },
  "Full_Text_LSA_topics": {
    "Topic 0": [
      "target",
      "2035",
      "must",
      "car",
      "climate",
      "burned",
      "pfuel",
      "date",
      "solution",
      "end"
    ],
    "Topic 1": [
      "car",
      "vehicle",
      "co2",
      "climate",
      "mission",
      "industry",
      "electric",
      "european",
      "engine",
      "burned"
    ],
    "Topic 2": [
      "burned 2035",
      "important step",
      "burned",
      "step",
      "2035 important",
      "remain place",
      "remain",
      "important",
      "place",
      "phaseout burned"
    ]
  },
  "Nouns_Only_LDA_topics": {
    "Topic 0": [
      "target",
      "pfuel",
      "solution",
      "date",
      "biofuels",
      "end",
      "pfuel biofuels",
      "end date",
      "call",
      "target end"
    ],
    "Topic 1": [
      "car",
      "climate",
      "engine",
      "combustion",
      "change",
      "technology",
      "combustion engine",
      "mission",
      "climate change",
      "year"
    ],
    "Topic 2": [
      "vehicle",
      "industry",
      "mission",
      "car",
      "co2",
      "transport",
      "sector",
      "automobile",
      "climate",
      "regulation"
    ]
  },
  "Nouns_Only_LSA_topics": {
    "Topic 0": [
      "target",
      "car",
      "climate",
      "date",
      "solution",
      "pfuel",
      "biofuels",
      "end",
      "pfuel biofuels",
      "end date"
    ],
    "Topic 1": [
      "car",
      "vehicle",
      "industry",
      "mission",
      "climate",
      "co2",
      "engine",
      "automobile",
      "combustion",
      "change"
    ],
    "Topic 2": [
      "step",
      "phaseout step",
      "place",
      "phaseout",
      "step place",
      "climate",
      "change",
      "climate change",
      "exit",
      "step towards"
    ]
  },
  "comparison_metrics": {
    "Approach": {
      "0": "Full Text",
      "1": "Full Text",
      "2": "Nouns Only",
      "3": "Nouns Only"
    },
    "Algorithm": {
      "0": "LDA",
      "1": "LSA",
      "2": "LDA",
      "3": "LSA"
    },
    "Matrix Size": {
      "0": "(942, 500)",
      "1": "(942, 500)",
      "2": "(942, 314)",
      "3": "(942, 314)"
    },
    "Avg Coherence": {
      "0": "0.7436",
      "1": "0.7950",
      "2": "0.6651",
      "3": "0.7514"
    },
    "Top Doc-Topic Variance": {
      "0": "0.8017",
      "1": "0.3657",
      "2": "0.4292",
      "3": "0.3755"
    }
  },
  "Full_Text_LDA_doc_topics": [
    [
      0.34934268346415226,
      0.05289098878339956,
      0.5977663277524482
    ],
    [
      0.013721722361313325,
      0.011250684144898842,
      0.9750275934937878
    ],
    [
      0.4767568803318309,
      0.01542646244203546,
      0.5078166572261336
    ],
    [
      0.16313279468257338,
      0.01148780172986113,
      0.8253794035875656
    ],
    [
      0.012762358899779946,
      0.04171363430001874,
      0.9455240068002013
    ],
    [
      0.011469783680233391,
      0.07654321284004659,
      0.9119870034797201
    ],
    [
      0.03429760788711106,
      0.01907433378330521,
      0.9466280583295837
    ],
    [
      0.30689131160753924,
      0.009856235816106236,
      0.6832524525763545
    ],
    [
      0.01074975884914457,
      0.058451334929121454,
      0.9307989062217339
    ],
    [
      0.014409803244710225,
      0.012043776593412287,
      0.9735464201618775
    ],
    [
      0.014283085970229552,
      0.018720512747324718,
      0.9669964012824457
    ],
    [
      0.08333103996545851,
      0.015221570123068556,
      0.9014473899114729
    ],
    [
      0.013331685230099428,
      0.013321302696313897,
      0.9733470120735866
    ],
    [
      0.06484017126889006,
      0.057089345749720126,
      0.8780704829813899
    ],
    [
      0.3040309659991087,
      0.02166849371783399,
      0.6743005402830574
    ],
    [
      0.08272979063891558,
      0.017734862689714092,
      0.8995353466713703
    ],
    [
      0.020559668495960557,
      0.01596503621506086,
      0.9634752952889786
    ],
    [
      0.01356346280407947,
      0.06982990889915323,
      0.9166066282967673
    ],
    [
      0.14996203948978348,
      0.014510796824790907,
      0.8355271636854256
    ],
    [
      0.015821315201225084,
      0.148839189483305,
      0.8353394953154699
    ],
    [
      0.01579211199107666,
      0.015372545727990636,
      0.9688353422809327
    ],
    [
      0.28296230741455336,
      0.0081418387468815,
      0.708895853838565
    ],
    [
      0.01787681135066362,
      0.02867437437414976,
      0.9534488142751867
    ],
    [
      0.17681510034274103,
      0.012659759226463684,
      0.8105251404307954
    ],
    [
      0.38516228952626824,
      0.5204290531141861,
      0.09440865735954568
    ],
    [
      0.20742538655879375,
      0.05720338962288475,
      0.7353712238183214
    ],
    [
      0.015118099858937343,
      0.01375903545405611,
      0.9711228646870066
    ],
    [
      0.0118043172743346,
      0.17833520105981157,
      0.8098604816658539
    ],
    [
      0.013685780981887417,
      0.014123470822604588,
      0.972190748195508
    ],
    [
      0.31836048878675227,
      0.5765431032258986,
      0.1050964079873491
    ],
    [
      0.015704694321313526,
      0.07813654758927059,
      0.9061587580894158
    ],
    [
      0.009391674764378004,
      0.1012248415900984,
      0.8893834836455236
    ],
    [
      0.014041263874484962,
      0.16560323002942626,
      0.8203555060960888
    ],
    [
      0.012296177312849755,
      0.010386099823289746,
      0.9773177228638604
    ],
    [
      0.4018752605591044,
      0.020960077148865837,
      0.5771646622920298
    ],
    [
      0.01515654442552124,
      0.014712292581113682,
      0.970131162993365
    ],
    [
      0.15753213163890561,
      0.4404698763827541,
      0.40199799197834035
    ],
    [
      0.01102229272188677,
      0.013139159521097284,
      0.975838547757016
    ],
    [
      0.01579211199107666,
      0.015372545727990636,
      0.9688353422809327
    ],
    [
      0.019474425235308786,
      0.024357566290876327,
      0.956168008473815
    ],
    [
      0.014599177912975374,
      0.07963491371994492,
      0.9057659083670797
    ],
    [
      0.33116601230737325,
      0.3030787119273158,
      0.3657552757653109
    ],
    [
      0.13684240173109047,
      0.011212877999331577,
      0.851944720269578
    ],
    [
      0.015723286327808277,
      0.014279667254030811,
      0.969997046418161
    ],
    [
      0.0881644728832521,
      0.06891890129254176,
      0.8429166258242061
    ],
    [
      0.026635736223063637,
      0.02577375096241886,
      0.9475905128145176
    ],
    [
      0.25103437743908663,
      0.16781183871117786,
      0.5811537838497355
    ],
    [
      0.02039288907769558,
      0.01975661797698725,
      0.9598504929453171
    ],
    [
      0.010296532987316965,
      0.05136315384044146,
      0.9383403131722416
    ],
    [
      0.01620885913777408,
      0.13383376060483718,
      0.8499573802573887
    ],
    [
      0.022604275264355888,
      0.31381569485407307,
      0.663580029881571
    ],
    [
      0.014444652658760033,
      0.01369188341747481,
      0.9718634639237651
    ],
    [
      0.03280296158821065,
      0.4121972544604798,
      0.5549997839513096
    ],
    [
      0.014619598657346173,
      0.012061103339326482,
      0.9733192980033274
    ],
    [
      0.08892378628821283,
      0.5396164131239068,
      0.3714598005878803
    ],
    [
      0.027986637852480015,
      0.3512244642915412,
      0.6207888978559788
    ],
    [
      0.00982759253377356,
      0.085813147205689,
      0.9043592602605376
    ],
    [
      0.04315786142272309,
      0.05053879449213549,
      0.9063033440851415
    ],
    [
      0.3033485398739752,
      0.05799905136555812,
      0.6386524087604667
    ],
    [
      0.03788808634725703,
      0.16133695982963497,
      0.800774953823108
    ],
    [
      0.01398818583254898,
      0.013699192321460253,
      0.9723126218459908
    ],
    [
      0.5931919683553921,
      0.017892129076894716,
      0.38891590256771325
    ],
    [
      0.052515026495217644,
      0.041658836853619326,
      0.9058261366511631
    ],
    [
      0.01125865002772438,
      0.03530422673855753,
      0.9534371232337181
    ],
    [
      0.066251053326469,
      0.01973695058346452,
      0.9140119960900666
    ],
    [
      0.009823167608450376,
      0.008524196914163678,
      0.9816526354773859
    ],
    [
      0.0641055952078902,
      0.021185610617509953,
      0.9147087941745998
    ],
    [
      0.012741740175873522,
      0.012012569970225083,
      0.9752456898539014
    ],
    [
      0.015728725098994596,
      0.03139166111249469,
      0.9528796137885107
    ],
    [
      0.015674150283903093,
      0.1541835821770599,
      0.8301422675390371
    ],
    [
      0.01414898428928147,
      0.08949040641843684,
      0.8963606092922817
    ],
    [
      0.01766710543666339,
      0.11468696109818866,
      0.867645933465148
    ],
    [
      0.0200405938230362,
      0.11519089067285301,
      0.8647685155041108
    ],
    [
      0.9519115662980834,
      0.02416252092677376,
      0.0239259127751428
    ],
    [
      0.013532377800225356,
      0.030037187797196056,
      0.9564304344025786
    ],
    [
      0.010325467891946332,
      0.011534759496219113,
      0.9781397726118346
    ],
    [
      0.2053371565415637,
      0.13751724616807876,
      0.6571455972903576
    ],
    [
      0.01695448205802485,
      0.016806870463621438,
      0.9662386474783538
    ],
    [
      0.010761564330125626,
      0.009863888963388603,
      0.9793745467064857
    ],
    [
      0.275937274398644,
      0.02235831887365407,
      0.701704406727702
    ],
    [
      0.014197511099754832,
      0.01511834588519096,
      0.9706841430150542
    ],
    [
      0.43224025710744834,
      0.009734537628352469,
      0.5580252052641992
    ],
    [
      0.2924293907190949,
      0.026028117182817563,
      0.6815424920980876
    ],
    [
      0.014084278582176445,
      0.014352208423520744,
      0.9715635129943029
    ],
    [
      0.3974860524451477,
      0.024005002877825532,
      0.5785089446770268
    ],
    [
      0.04817123272924973,
      0.04816008044587037,
      0.9036686868248799
    ],
    [
      0.014228786763723212,
      0.07814796788964244,
      0.9076232453466344
    ],
    [
      0.5625686924132621,
      0.05045678629339053,
      0.38697452129334736
    ],
    [
      0.00839824523981065,
      0.9832401796922753,
      0.008361575067914077
    ],
    [
      0.5454987595885945,
      0.41722627412711794,
      0.03727496628428755
    ],
    [
      0.022048273386068153,
      0.053230087221152377,
      0.9247216393927794
    ],
    [
      0.5909927304484621,
      0.016015410292789762,
      0.39299185925874797
    ],
    [
      0.6084093440150159,
      0.011181166836519721,
      0.38040948914846434
    ],
    [
      0.011467585371462528,
      0.07389857468970887,
      0.9146338399388285
    ],
    [
      0.05912861501689732,
      0.015965489418557206,
      0.9249058955645454
    ],
    [
      0.02062507450175281,
      0.020243530746423207,
      0.9591313947518241
    ],
    [
      0.6966865080256662,
      0.012928784814376973,
      0.2903847071599568
    ],
    [
      0.6071713045433549,
      0.017022127461680546,
      0.3758065679949646
    ],
    [
      0.21808444655173545,
      0.5365250719224608,
      0.2453904815258037
    ],
    [
      0.011739085384576693,
      0.013823661612812323,
      0.974437253002611
    ],
    [
      0.06641963598998103,
      0.08494658287449701,
      0.848633781135522
    ],
    [
      0.3363349075046577,
      0.10788399524863654,
      0.5557810972467058
    ],
    [
      0.0148905733023748,
      0.014664186316338576,
      0.9704452403812867
    ],
    [
      0.503054902157202,
      0.09848964752810421,
      0.3984554503146937
    ],
    [
      0.6750895674978941,
      0.06251197709711302,
      0.262398455404993
    ],
    [
      0.0385020831362628,
      0.03724974287019141,
      0.9242481739935458
    ],
    [
      0.18915438834906767,
      0.3297408792145754,
      0.481104732436357
    ],
    [
      0.9519115662980834,
      0.02416252092677376,
      0.0239259127751428
    ],
    [
      0.015888578017645812,
      0.015184220567366034,
      0.9689272014149881
    ],
    [
      0.012883394016819238,
      0.012497466201500017,
      0.9746191397816807
    ],
    [
      0.012863886262446023,
      0.010736751133427605,
      0.9763993626041263
    ],
    [
      0.014902086253094676,
      0.01467806787070496,
      0.9704198458762003
    ],
    [
      0.3048683918359775,
      0.17300410310265013,
      0.5221275050613725
    ],
    [
      0.5071577390957045,
      0.054918470196942605,
      0.437923790707353
    ],
    [
      0.01184890811900958,
      0.010077138449950116,
      0.9780739534310402
    ],
    [
      0.807367278412317,
      0.016147293631716877,
      0.17648542795596614
    ],
    [
      0.1717390464756195,
      0.01762204899265884,
      0.8106389045317217
    ],
    [
      0.9647748519691579,
      0.01726932412217021,
      0.017955823908671877
    ],
    [
      0.8249772682776598,
      0.14227385440072207,
      0.03274887732161817
    ],
    [
      0.014293725090831298,
      0.014148877160019216,
      0.9715573977491495
    ],
    [
      0.4594117107240114,
      0.4708129559882975,
      0.06977533328769105
    ],
    [
      0.09188375687069104,
      0.3224913305888098,
      0.5856249125404992
    ],
    [
      0.5075925640911816,
      0.015211124996645144,
      0.47719631091217324
    ],
    [
      0.014341326010817891,
      0.056259218301687244,
      0.9293994556874948
    ],
    [
      0.9478135314632107,
      0.026109870515795,
      0.02607659802099431
    ],
    [
      0.8538655967149468,
      0.01130092378661425,
      0.13483347949843905
    ],
    [
      0.014111274569193063,
      0.013496440351240846,
      0.9723922850795661
    ],
    [
      0.015203119469106156,
      0.014660557902088428,
      0.9701363226288054
    ],
    [
      0.23331996257040613,
      0.008741720689556833,
      0.757938316740037
    ],
    [
      0.7706484498321874,
      0.013366962054584874,
      0.21598458811322785
    ],
    [
      0.0560622490891574,
      0.027196800546606163,
      0.9167409503642364
    ],
    [
      0.4493104081356738,
      0.05231221686072582,
      0.49837737500360046
    ],
    [
      0.767707457871066,
      0.010392199518690609,
      0.22190034261024327
    ],
    [
      0.07453407361877724,
      0.9176431785693661,
      0.007822747811856628
    ],
    [
      0.015041893872618074,
      0.01508498234772155,
      0.9698731237796603
    ],
    [
      0.011158103828937869,
      0.009503854479020158,
      0.9793380416920421
    ],
    [
      0.19073313668058814,
      0.6594763047431431,
      0.14979055857626875
    ],
    [
      0.1543142336321398,
      0.12359241518427103,
      0.7220933511835893
    ],
    [
      0.8956479028422507,
      0.014525757755648325,
      0.08982633940210093
    ],
    [
      0.299960219001288,
      0.07639650174401662,
      0.6236432792546954
    ],
    [
      0.1352790455464314,
      0.5422215959278469,
      0.32249935852572176
    ],
    [
      0.45738111554736216,
      0.009850996961651844,
      0.532767887490986
    ],
    [
      0.2289436477043536,
      0.6869918000675747,
      0.08406455222807183
    ],
    [
      0.681788859968296,
      0.029428360138356386,
      0.28878277989334755
    ],
    [
      0.557519381708345,
      0.19514446807874833,
      0.2473361502129066
    ],
    [
      0.2594935724963679,
      0.734042342774993,
      0.0064640847286389705
    ],
    [
      0.6456496965441875,
      0.014547768168221549,
      0.3398025352875909
    ],
    [
      0.967520000342867,
      0.017000165929737545,
      0.015479833727395462
    ],
    [
      0.9363842880496066,
      0.023908683716214595,
      0.039707028234178765
    ],
    [
      0.9485735165494339,
      0.023383735366726797,
      0.02804274808383936
    ],
    [
      0.967060529474385,
      0.015497063775420792,
      0.017442406750194275
    ],
    [
      0.010689948362655311,
      0.980761048995969,
      0.008549002641375725
    ],
    [
      0.4697033809750201,
      0.013391995583278655,
      0.5169046234417012
    ],
    [
      0.039031648474376054,
      0.016793673605369364,
      0.9441746779202546
    ],
    [
      0.66134021806382,
      0.3267529802076898,
      0.01190680172849015
    ],
    [
      0.1960872654063824,
      0.010283382526883902,
      0.7936293520667336
    ],
    [
      0.009631058888755954,
      0.9806485434161056,
      0.009720397695138484
    ],
    [
      0.43202976527355647,
      0.028683042630400755,
      0.5392871920960428
    ],
    [
      0.007238518194434279,
      0.7835032554656988,
      0.20925822633986688
    ],
    [
      0.7214511205117743,
      0.015413207285417105,
      0.2631356722028085
    ],
    [
      0.9405319588449667,
      0.028552504891349077,
      0.03091553626368428
    ],
    [
      0.012595575410447346,
      0.01163475073844928,
      0.9757696738511034
    ],
    [
      0.4593457841756147,
      0.013277914822365523,
      0.5273763010020197
    ],
    [
      0.023245300043655083,
      0.020556334396841583,
      0.9561983655595033
    ],
    [
      0.011926862489171929,
      0.7950306994169332,
      0.19304243809389493
    ],
    [
      0.1279671900995166,
      0.01794518443797999,
      0.8540876254625035
    ],
    [
      0.9562021365951286,
      0.02156397977001754,
      0.022233883634853763
    ],
    [
      0.9692709156006859,
      0.01420099801999177,
      0.016528086379322366
    ],
    [
      0.5072978963398266,
      0.01602637652259498,
      0.47667572713757833
    ],
    [
      0.9538923771514082,
      0.01969085214060595,
      0.02641677070798575
    ],
    [
      0.9638404316239408,
      0.017811343630869454,
      0.018348224745189778
    ],
    [
      0.4894887233690782,
      0.009739068612403555,
      0.5007722080185183
    ],
    [
      0.25370877072056625,
      0.02134001365772191,
      0.7249512156217118
    ],
    [
      0.9689790417576494,
      0.015341436333493337,
      0.01567952190885728
    ],
    [
      0.008070795860687917,
      0.945725312147841,
      0.046203891991471145
    ],
    [
      0.9397854731559508,
      0.023890212395969508,
      0.036324314448079785
    ],
    [
      0.9646293915012369,
      0.01734019327832053,
      0.018030415220442592
    ],
    [
      0.9597456425744034,
      0.019667178319842476,
      0.02058717910575414
    ],
    [
      0.2291023945177976,
      0.759097608276445,
      0.011799997205757326
    ],
    [
      0.8560835922682924,
      0.018694247493980052,
      0.12522216023772748
    ],
    [
      0.9438728723117691,
      0.030012389074294307,
      0.026114738613936726
    ],
    [
      0.6240396695553384,
      0.10235628844977301,
      0.2736040419948885
    ],
    [
      0.9482216821986234,
      0.026039584024622798,
      0.025738733776753904
    ],
    [
      0.016126414957737836,
      0.01461973050605582,
      0.9692538545362063
    ],
    [
      0.009196550357568533,
      0.9822528470016004,
      0.008550602640831061
    ],
    [
      0.2609061256000044,
      0.010653712069237292,
      0.7284401623307583
    ],
    [
      0.7388301353788956,
      0.015417990322159897,
      0.2457518742989444
    ],
    [
      0.3008549416631077,
      0.317731006794464,
      0.38141405154242825
    ],
    [
      0.22013018003202436,
      0.13438930284531506,
      0.6454805171226606
    ],
    [
      0.9478368449318602,
      0.02094625616237742,
      0.03121689890576241
    ],
    [
      0.5102247988488025,
      0.011350769901266752,
      0.47842443124993084
    ],
    [
      0.865159125898277,
      0.03446389892215143,
      0.10037697517957153
    ],
    [
      0.7056226912146933,
      0.011296091067514656,
      0.283081217717792
    ],
    [
      0.15840909647044477,
      0.03712238850291277,
      0.8044685150266424
    ],
    [
      0.9615465116947517,
      0.017638497607400636,
      0.02081499069784778
    ],
    [
      0.8309936798291165,
      0.08343402770546786,
      0.08557229246541556
    ],
    [
      0.9775494316517114,
      0.011306696791501947,
      0.011143871556786731
    ],
    [
      0.7142081173141502,
      0.14377887422358174,
      0.14201300846226797
    ],
    [
      0.6824044753177064,
      0.08942631829866445,
      0.22816920638362917
    ],
    [
      0.8238537072903761,
      0.01406837914879783,
      0.1620779135608261
    ],
    [
      0.10957102016132617,
      0.527823541523724,
      0.3626054383149499
    ],
    [
      0.07540901444216919,
      0.009270646329673055,
      0.9153203392281578
    ],
    [
      0.45418711643635196,
      0.5284615537710997,
      0.01735132979254835
    ],
    [
      0.6535271291421327,
      0.015540694065471341,
      0.33093217679239606
    ],
    [
      0.49855877754392913,
      0.01571522273864714,
      0.4857259997174237
    ],
    [
      0.00947860671488399,
      0.008796795439227614,
      0.9817245978458884
    ],
    [
      0.014168190398859757,
      0.9785256586270294,
      0.007306150974110875
    ],
    [
      0.02759245112052189,
      0.025747821633145554,
      0.9466597272463325
    ],
    [
      0.3890019457965585,
      0.03901817681641961,
      0.5719798773870218
    ],
    [
      0.584546264327428,
      0.016039337065950156,
      0.3994143986066219
    ],
    [
      0.2932514131692914,
      0.012961578686193003,
      0.6937870081445157
    ],
    [
      0.00839824523981065,
      0.9832401796922753,
      0.008361575067914077
    ],
    [
      0.23775969510847766,
      0.7559167052273569,
      0.0063235996641654284
    ],
    [
      0.27408699977082085,
      0.0076357258615862055,
      0.7182772743675929
    ],
    [
      0.26908140547208287,
      0.008803760908635775,
      0.7221148336192813
    ],
    [
      0.4511923798372129,
      0.010607083644490487,
      0.5382005365182966
    ],
    [
      0.00839824523981065,
      0.9832401796922753,
      0.008361575067914077
    ],
    [
      0.00839824523981065,
      0.9832401796922753,
      0.008361575067914077
    ],
    [
      0.008802377344465416,
      0.9833159224008875,
      0.007881700254647007
    ],
    [
      0.5423878937547801,
      0.18165020481651678,
      0.27596190142870297
    ],
    [
      0.4530204275955704,
      0.06507966176492055,
      0.4818999106395091
    ],
    [
      0.00839824523981065,
      0.9832401796922753,
      0.008361575067914077
    ],
    [
      0.5812753889915074,
      0.4052833575300686,
      0.01344125347842382
    ],
    [
      0.561012029760131,
      0.31907974631109604,
      0.1199082239287729
    ],
    [
      0.8098446051701255,
      0.01159744761627686,
      0.1785579472135977
    ],
    [
      0.49788769759153084,
      0.04440676447946321,
      0.4577055379290058
    ],
    [
      0.011350760403371341,
      0.010255720013442531,
      0.9783935195831862
    ],
    [
      0.3626876792673059,
      0.030448309021249065,
      0.606864011711445
    ],
    [
      0.20842569135725236,
      0.667121342569018,
      0.12445296607372981
    ],
    [
      0.011878050512396912,
      0.54278759838644,
      0.445334351101163
    ],
    [
      0.9777856914227632,
      0.010103661433179763,
      0.012110647144057005
    ],
    [
      0.008621299422601382,
      0.9828021477389153,
      0.008576552838483138
    ],
    [
      0.39766019043764533,
      0.07324147662697929,
      0.5290983329353754
    ],
    [
      0.00839824523981065,
      0.9832401796922753,
      0.008361575067914077
    ],
    [
      0.013141624300055693,
      0.8000758618118046,
      0.18678251388813974
    ],
    [
      0.8298099016632822,
      0.0200063310372205,
      0.15018376729949726
    ],
    [
      0.7019902126241919,
      0.013697866236936914,
      0.28431192113887116
    ],
    [
      0.10669926573761472,
      0.695812673424153,
      0.1974880608382323
    ],
    [
      0.5519332443800505,
      0.08120283288963996,
      0.3668639227303096
    ],
    [
      0.3486887738356797,
      0.6391593709099289,
      0.012151855254391426
    ],
    [
      0.38621406654017854,
      0.01769164671465854,
      0.5960942867451628
    ],
    [
      0.00839824523981065,
      0.9832401796922753,
      0.008361575067914077
    ],
    [
      0.00839824523981065,
      0.9832401796922753,
      0.008361575067914077
    ],
    [
      0.00839824523981065,
      0.9832401796922753,
      0.008361575067914077
    ],
    [
      0.39315593907147817,
      0.18376087025462792,
      0.4230831906738938
    ],
    [
      0.9692433440941753,
      0.013951051031628917,
      0.01680560487419567
    ],
    [
      0.014901398923643686,
      0.013763871368099978,
      0.9713347297082564
    ],
    [
      0.24866826383620977,
      0.08130214132900065,
      0.6700295948347895
    ],
    [
      0.8491315092556219,
      0.0264336124072144,
      0.12443487833716377
    ],
    [
      0.23413651909855926,
      0.009462870286239277,
      0.7564006106152014
    ],
    [
      0.02190461789041468,
      0.01556599922899198,
      0.9625293828805933
    ],
    [
      0.3779610130366368,
      0.010324833063203332,
      0.6117141539001597
    ],
    [
      0.15842675809505266,
      0.8335895879164872,
      0.007983653988460125
    ],
    [
      0.2089686177574647,
      0.6180775027229056,
      0.17295387951962965
    ],
    [
      0.1734364203591821,
      0.06323397897352881,
      0.763329600667289
    ],
    [
      0.3323203595171398,
      0.07541518482558841,
      0.5922644556572718
    ],
    [
      0.00839824523981065,
      0.9832401796922753,
      0.008361575067914077
    ],
    [
      0.05183054504543691,
      0.047847799317937714,
      0.9003216556366253
    ],
    [
      0.2043689897718083,
      0.018141005864267742,
      0.7774900043639239
    ],
    [
      0.5755957188911901,
      0.33900221673623626,
      0.08540206437257354
    ],
    [
      0.010950683701992729,
      0.9775376804528936,
      0.011511635845113733
    ],
    [
      0.27967347540835424,
      0.26605888941044176,
      0.45426763518120394
    ],
    [
      0.44754960562409235,
      0.5391299406929102,
      0.013320453682997349
    ],
    [
      0.26878110816352874,
      0.04813962705220518,
      0.6830792647842661
    ],
    [
      0.827317892050307,
      0.018163328964777965,
      0.154518778984915
    ],
    [
      0.7849661316978397,
      0.19947883264807828,
      0.015555035654081922
    ],
    [
      0.22622785891996833,
      0.022867784409043312,
      0.7509043566709883
    ],
    [
      0.0080175266960414,
      0.9841957397875529,
      0.007786733516405697
    ],
    [
      0.5176697962522908,
      0.03883361187004349,
      0.4434965918776658
    ],
    [
      0.48864409640547973,
      0.012236021354116087,
      0.4991198822404042
    ],
    [
      0.01773089333515008,
      0.014543650623700794,
      0.9677254560411492
    ],
    [
      0.773743590489357,
      0.03323562602201448,
      0.19302078348862864
    ],
    [
      0.00839824523981065,
      0.9832401796922753,
      0.008361575067914077
    ],
    [
      0.9502577121717047,
      0.025264027291073493,
      0.02447826053722184
    ],
    [
      0.5342263347720886,
      0.012158796581308095,
      0.45361486864660333
    ],
    [
      0.46603969505133563,
      0.04449037382710643,
      0.48946993112155796
    ],
    [
      0.8911339982700407,
      0.0675232020175765,
      0.041342799712382874
    ],
    [
      0.8828849820596272,
      0.061123681803259305,
      0.05599133613711363
    ],
    [
      0.00839824523981065,
      0.9832401796922753,
      0.008361575067914077
    ],
    [
      0.806493321238741,
      0.01247925306261549,
      0.1810274256986435
    ],
    [
      0.00839824523981065,
      0.9832401796922753,
      0.008361575067914077
    ],
    [
      0.02164646951711478,
      0.6953155619795599,
      0.28303796850332524
    ],
    [
      0.009066801300379635,
      0.9827748158017392,
      0.008158382897881213
    ],
    [
      0.37852634437884297,
      0.10697948993841386,
      0.5144941656827431
    ],
    [
      0.2573515206569391,
      0.018930372121248772,
      0.7237181072218122
    ],
    [
      0.04066314627103744,
      0.037377384155228455,
      0.9219594695737342
    ],
    [
      0.9718894132221539,
      0.012602651566791107,
      0.015507935211054948
    ],
    [
      0.38979725505497326,
      0.02412821524541881,
      0.5860745296996079
    ],
    [
      0.3057462850675415,
      0.010632786634255582,
      0.6836209282982029
    ],
    [
      0.3069855624495114,
      0.25341411101657746,
      0.4396003265339112
    ],
    [
      0.9302702876574078,
      0.034432384418703874,
      0.03529732792388836
    ],
    [
      0.789814179866325,
      0.12490960865342329,
      0.08527621148025179
    ],
    [
      0.010132453353897328,
      0.9800279917770307,
      0.00983955486907208
    ],
    [
      0.5566453327268891,
      0.01925894351527587,
      0.424095723757835
    ],
    [
      0.4418453065180211,
      0.020107144370631335,
      0.5380475491113476
    ],
    [
      0.9601735935189419,
      0.018633123902193773,
      0.021193282578864242
    ],
    [
      0.6413543916233123,
      0.01640154114722178,
      0.3422440672294658
    ],
    [
      0.908161492801147,
      0.049205854388316546,
      0.042632652810536534
    ],
    [
      0.7113426105484045,
      0.02161215255516236,
      0.26704523689643306
    ],
    [
      0.9408475414050785,
      0.0246453721123433,
      0.03450708648257825
    ],
    [
      0.5897341758499963,
      0.013976223268109277,
      0.39628960088189435
    ],
    [
      0.5940317882916577,
      0.02864122127145086,
      0.37732699043689155
    ],
    [
      0.9528652710626961,
      0.02349106626527091,
      0.02364366267203299
    ],
    [
      0.8078823757112786,
      0.034184240046666946,
      0.1579333842420544
    ],
    [
      0.9520993362080025,
      0.021677028799866997,
      0.026223634992130526
    ],
    [
      0.801518742090556,
      0.01590058903234638,
      0.1825806688770977
    ],
    [
      0.314206946350384,
      0.6169361646262894,
      0.06885688902332653
    ],
    [
      0.7133287587039201,
      0.012104009810412443,
      0.2745672314856675
    ],
    [
      0.2712881572931314,
      0.06473135401408785,
      0.6639804886927808
    ],
    [
      0.15678232315921858,
      0.01869223260026855,
      0.8245254442405129
    ],
    [
      0.941415101681719,
      0.028275390475799186,
      0.03030950784248167
    ],
    [
      0.9519115662980834,
      0.02416252092677376,
      0.0239259127751428
    ],
    [
      0.7875812560400159,
      0.01973006362257679,
      0.19268868033740733
    ],
    [
      0.6158958046588081,
      0.36973213610414574,
      0.014372059237046207
    ],
    [
      0.9549226962320163,
      0.020340286100347167,
      0.024737017667636422
    ],
    [
      0.9642200067267952,
      0.018559753250984565,
      0.017220240022220196
    ],
    [
      0.5366552040205318,
      0.012573586609690978,
      0.4507712093697771
    ],
    [
      0.6613866807058547,
      0.16687433951489344,
      0.17173897977925193
    ],
    [
      0.42751208164682675,
      0.25932027188919193,
      0.31316764646398126
    ],
    [
      0.0088445202084292,
      0.9818858716003649,
      0.009269608191205998
    ],
    [
      0.9461875183703052,
      0.025683776742823582,
      0.0281287048868712
    ],
    [
      0.8859310080098428,
      0.08917708285357932,
      0.02489190913657785
    ],
    [
      0.45252899391587537,
      0.008988126352654465,
      0.53848287973147
    ],
    [
      0.3099733127058163,
      0.009570628422597685,
      0.680456058871586
    ],
    [
      0.00839824523981065,
      0.9832401796922753,
      0.008361575067914077
    ],
    [
      0.9782449672994017,
      0.01000850255418858,
      0.01174653014640983
    ],
    [
      0.007702669094492362,
      0.8259169822492007,
      0.1663803486563069
    ],
    [
      0.9519115662980834,
      0.02416252092677376,
      0.0239259127751428
    ],
    [
      0.5903106100571666,
      0.012086832340688042,
      0.39760255760214536
    ],
    [
      0.8369608610433019,
      0.1432397620962666,
      0.019799376860431546
    ],
    [
      0.28790267197106606,
      0.02198148553225405,
      0.6901158424966798
    ],
    [
      0.6054246792826045,
      0.008011178863120003,
      0.38656414185427546
    ],
    [
      0.00839824523981065,
      0.9832401796922753,
      0.008361575067914077
    ],
    [
      0.6305422362492082,
      0.06748521862571712,
      0.30197254512507476
    ],
    [
      0.9519115662980834,
      0.02416252092677376,
      0.0239259127751428
    ],
    [
      0.6947238280282623,
      0.01005125802115622,
      0.2952249139505814
    ],
    [
      0.9615278092135577,
      0.017816511334211166,
      0.020655679452231054
    ],
    [
      0.933028842490905,
      0.031138745798664765,
      0.03583241171043015
    ],
    [
      0.8816449032604018,
      0.011409451277876442,
      0.10694564546172174
    ],
    [
      0.7174363629030571,
      0.04474817586137212,
      0.23781546123557074
    ],
    [
      0.19919105903111442,
      0.024261606973752715,
      0.7765473339951329
    ],
    [
      0.38271987709983785,
      0.011334027348969116,
      0.605946095551193
    ],
    [
      0.9385881723010536,
      0.02886961245695616,
      0.032542215241990115
    ],
    [
      0.00839824523981065,
      0.9832401796922753,
      0.008361575067914077
    ],
    [
      0.07606213016498396,
      0.9023932323863812,
      0.021544637448634756
    ],
    [
      0.5834203331997881,
      0.014674284788689372,
      0.40190538201152254
    ],
    [
      0.8534774145373495,
      0.1185805306276818,
      0.027942054834968717
    ],
    [
      0.09224856170943597,
      0.8144245597878774,
      0.09332687850268657
    ],
    [
      0.013515880370637577,
      0.9734350312194463,
      0.013049088409916094
    ],
    [
      0.22205359448141723,
      0.7713112196543539,
      0.006635185864228734
    ],
    [
      0.7276787515683554,
      0.01998201461495286,
      0.25233923381669177
    ],
    [
      0.9130078622689555,
      0.04453433633948962,
      0.042457801391555014
    ],
    [
      0.3479610621429484,
      0.07852450526715887,
      0.5735144325898927
    ],
    [
      0.04303998432033431,
      0.26572494068463787,
      0.6912350749950278
    ],
    [
      0.8665507695562104,
      0.030961589083968004,
      0.10248764135982168
    ],
    [
      0.8840936162560654,
      0.04185129649195843,
      0.07405508725197622
    ],
    [
      0.4126171152712085,
      0.010275721969326846,
      0.5771071627594647
    ],
    [
      0.9519115662980834,
      0.02416252092677376,
      0.0239259127751428
    ],
    [
      0.5531432059677953,
      0.43472577583976807,
      0.012131018192436676
    ],
    [
      0.7224220576455708,
      0.014936209718771071,
      0.26264173263565826
    ],
    [
      0.3501663531053874,
      0.016060250684086202,
      0.6337733962105264
    ],
    [
      0.009135566804345227,
      0.5849943612127287,
      0.40587007198292613
    ],
    [
      0.9519115662980834,
      0.02416252092677376,
      0.0239259127751428
    ],
    [
      0.4759335199760995,
      0.055053019139513056,
      0.4690134608843874
    ],
    [
      0.5887356371637436,
      0.02006004112733519,
      0.3912043217089213
    ],
    [
      0.584564264390819,
      0.018632488722437758,
      0.39680324688674323
    ],
    [
      0.2214349346384498,
      0.14308225202027455,
      0.6354828133412757
    ],
    [
      0.862262727639381,
      0.01019715891594281,
      0.12754011344467628
    ],
    [
      0.9602204125381452,
      0.01985327743043522,
      0.01992631003141963
    ],
    [
      0.39998044131603117,
      0.4334427611448271,
      0.16657679753914176
    ],
    [
      0.9747125860191744,
      0.012598496442738657,
      0.012688917538086932
    ],
    [
      0.9604311999495465,
      0.018792878343294298,
      0.020775921707159282
    ],
    [
      0.4594169022617585,
      0.0915196935471582,
      0.44906340419108315
    ],
    [
      0.5878398226588755,
      0.010893554373778416,
      0.4012666229673461
    ],
    [
      0.9409814681649814,
      0.028044480080231842,
      0.03097405175478675
    ],
    [
      0.7657269293391691,
      0.11269692922793095,
      0.12157614143289984
    ],
    [
      0.00839824523981065,
      0.9832401796922753,
      0.008361575067914077
    ],
    [
      0.9519115662980834,
      0.02416252092677376,
      0.0239259127751428
    ],
    [
      0.8624419230564964,
      0.06860767761280942,
      0.06895039933069423
    ],
    [
      0.5864111868135192,
      0.00942176480000215,
      0.4041670483864786
    ],
    [
      0.007853342810444055,
      0.984807696347427,
      0.007338960842128937
    ],
    [
      0.21916166790170713,
      0.11714261147487291,
      0.6636957206234201
    ],
    [
      0.925675485471982,
      0.054202665881518175,
      0.020121848646499893
    ],
    [
      0.16483324040975333,
      0.014488374814722009,
      0.8206783847755246
    ],
    [
      0.1480569783687148,
      0.04908736719084455,
      0.8028556544404406
    ],
    [
      0.4971557023848012,
      0.011173655063216307,
      0.4916706425519825
    ],
    [
      0.19336936183851405,
      0.0704390471807958,
      0.7361915909806901
    ],
    [
      0.9654222504774678,
      0.01711187877803414,
      0.017465870744498
    ],
    [
      0.8547877190581661,
      0.012577037588853882,
      0.13263524335298005
    ],
    [
      0.26828368195048374,
      0.05867450430069282,
      0.6730418137488235
    ],
    [
      0.013071410839508498,
      0.9734936385320647,
      0.013434950628426888
    ],
    [
      0.6658547099782653,
      0.013004442308447195,
      0.32114084771328755
    ],
    [
      0.8704954165073047,
      0.03963747633319212,
      0.08986710715950313
    ],
    [
      0.9519115662980834,
      0.02416252092677376,
      0.0239259127751428
    ],
    [
      0.2649894723808414,
      0.019641671831472734,
      0.7153688557876857
    ],
    [
      0.2162154401562885,
      0.770138420811834,
      0.013646139031877492
    ],
    [
      0.35247292934531577,
      0.04648552017607593,
      0.6010415504786082
    ],
    [
      0.5067007992567207,
      0.018760574376642827,
      0.47453862636663646
    ],
    [
      0.3968499914957065,
      0.012485830424752428,
      0.5906641780795411
    ],
    [
      0.008166819030281996,
